<svg xmlns="http://www.w3.org/2000/svg" xmlns:xlink="http://www.w3.org/1999/xlink" width="355.486298pt" height="47.458328pt" viewBox="0 0 355.486298 47.458328" version="1.1">
<defs>
<g>
<symbol overflow="visible" id="glyph0-0">
<path style="stroke:none;" d="M 3.078125 0 L 3.078125 -0.1875 C 2.3125 -0.234375 2.1875 -0.390625 2.1875 -1.046875 L 2.1875 -8.140625 L 2.125 -8.203125 C 1.5 -7.984375 1.0625 -7.875 0.234375 -7.671875 L 0.234375 -7.46875 C 0.421875 -7.5 0.578125 -7.5 0.671875 -7.5 C 1.0625 -7.5 1.171875 -7.3125 1.171875 -6.734375 L 1.171875 -1.109375 C 1.171875 -0.4375 1.015625 -0.234375 0.25 -0.1875 L 0.25 0 Z M 3.078125 0 "/>
</symbol>
<symbol overflow="visible" id="glyph1-0">
<path style="stroke:none;" d="M 8.5625 36.71875 C 7.457031 35.507812 6.53125 34.179688 5.78125 32.734375 C 5.039062 31.285156 4.453125 29.757812 4.015625 28.15625 C 3.585938 26.5625 3.28125 24.925781 3.09375 23.25 C 2.914062 21.582031 2.828125 19.878906 2.828125 18.140625 C 2.828125 16.390625 2.914062 14.675781 3.09375 13 C 3.28125 11.320312 3.585938 9.6875 4.015625 8.09375 C 4.453125 6.5 5.039062 4.972656 5.78125 3.515625 C 6.53125 2.054688 7.457031 0.726562 8.5625 -0.46875 C 8.613281 -0.488281 8.644531 -0.5 8.65625 -0.5 L 9 -0.5 C 9.019531 -0.5 9.039062 -0.484375 9.0625 -0.453125 C 9.082031 -0.429688 9.09375 -0.40625 9.09375 -0.375 C 9.09375 -0.34375 9.085938 -0.320312 9.078125 -0.3125 C 8.066406 0.914062 7.226562 2.257812 6.5625 3.71875 C 5.90625 5.175781 5.394531 6.691406 5.03125 8.265625 C 4.664062 9.847656 4.410156 11.441406 4.265625 13.046875 C 4.117188 14.660156 4.046875 16.359375 4.046875 18.140625 C 4.046875 19.910156 4.117188 21.597656 4.265625 23.203125 C 4.410156 24.804688 4.664062 26.398438 5.03125 27.984375 C 5.394531 29.566406 5.90625 31.082031 6.5625 32.53125 C 7.226562 33.988281 8.066406 35.332031 9.078125 36.5625 C 9.085938 36.582031 9.09375 36.609375 9.09375 36.640625 C 9.09375 36.660156 9.082031 36.679688 9.0625 36.703125 C 9.039062 36.734375 9.019531 36.75 9 36.75 L 8.65625 36.75 C 8.644531 36.75 8.628906 36.742188 8.609375 36.734375 C 8.597656 36.734375 8.582031 36.726562 8.5625 36.71875 Z M 8.5625 36.71875 "/>
</symbol>
<symbol overflow="visible" id="glyph1-1">
<path style="stroke:none;" d="M 0.5 36.75 C 0.4375 36.75 0.40625 36.710938 0.40625 36.640625 C 0.40625 36.609375 0.410156 36.582031 0.421875 36.5625 C 1.410156 35.351562 2.238281 34.015625 2.90625 32.546875 C 3.582031 31.078125 4.101562 29.550781 4.46875 27.96875 C 4.832031 26.394531 5.085938 24.804688 5.234375 23.203125 C 5.378906 21.597656 5.453125 19.910156 5.453125 18.140625 C 5.453125 16.359375 5.378906 14.660156 5.234375 13.046875 C 5.085938 11.441406 4.832031 9.851562 4.46875 8.28125 C 4.101562 6.707031 3.582031 5.179688 2.90625 3.703125 C 2.238281 2.234375 1.410156 0.894531 0.421875 -0.3125 C 0.410156 -0.320312 0.40625 -0.34375 0.40625 -0.375 C 0.40625 -0.457031 0.4375 -0.5 0.5 -0.5 L 0.84375 -0.5 C 0.851562 -0.5 0.878906 -0.488281 0.921875 -0.46875 C 2.023438 0.71875 2.953125 2.039062 3.703125 3.5 C 4.453125 4.96875 5.039062 6.503906 5.46875 8.109375 C 5.90625 9.710938 6.210938 11.335938 6.390625 12.984375 C 6.566406 14.628906 6.65625 16.347656 6.65625 18.140625 C 6.65625 19.910156 6.566406 21.617188 6.390625 23.265625 C 6.210938 24.910156 5.90625 26.535156 5.46875 28.140625 C 5.039062 29.753906 4.453125 31.289062 3.703125 32.75 C 2.953125 34.207031 2.023438 35.53125 0.921875 36.71875 C 0.878906 36.738281 0.851562 36.75 0.84375 36.75 Z M 0.5 36.75 "/>
</symbol>
<symbol overflow="visible" id="glyph2-0">
<path style="stroke:none;" d="M 0.796875 16.796875 C 0.710938 16.796875 0.671875 16.753906 0.671875 16.671875 C 0.671875 16.640625 0.679688 16.609375 0.703125 16.578125 L 7.046875 9.203125 L 0.703125 0.53125 C 0.679688 0.507812 0.671875 0.488281 0.671875 0.46875 L 0.671875 0.109375 C 0.671875 0.078125 0.679688 0.0507812 0.703125 0.03125 C 0.734375 0.0078125 0.765625 0 0.796875 0 L 15.1875 0 L 16.640625 3.375 L 16.296875 3.375 C 15.921875 2.519531 15.296875 1.882812 14.421875 1.46875 C 13.554688 1.0625 12.648438 0.8125 11.703125 0.71875 C 10.753906 0.625 9.65625 0.578125 8.40625 0.578125 L 2.859375 0.578125 L 8.515625 8.3125 C 8.535156 8.34375 8.546875 8.375 8.546875 8.40625 C 8.546875 8.425781 8.535156 8.453125 8.515625 8.484375 L 2.296875 15.734375 L 8.515625 15.734375 C 9.742188 15.734375 10.832031 15.6875 11.78125 15.59375 C 12.738281 15.5 13.644531 15.242188 14.5 14.828125 C 15.363281 14.410156 15.960938 13.78125 16.296875 12.9375 L 16.640625 12.9375 L 15.1875 16.796875 Z M 0.796875 16.796875 "/>
</symbol>
<symbol overflow="visible" id="glyph3-0">
<path style="stroke:none;" d="M 2.25 -5.09375 C 2.25 -5.34375 2.046875 -5.5625 1.828125 -5.5625 C 1.59375 -5.5625 1.421875 -5.375 1.421875 -5.125 C 1.421875 -4.84375 1.578125 -4.671875 1.828125 -4.671875 C 2.046875 -4.671875 2.25 -4.859375 2.25 -5.09375 Z M 1.890625 -0.96875 C 1.53125 -0.484375 1.3125 -0.3125 1.171875 -0.3125 C 1.109375 -0.3125 1.0625 -0.34375 1.0625 -0.4375 C 1.0625 -0.546875 1.09375 -0.671875 1.140625 -0.8125 L 1.9375 -3.734375 L 1.90625 -3.75 C 1.046875 -3.59375 0.875 -3.5625 0.546875 -3.546875 L 0.546875 -3.40625 C 1 -3.390625 1.09375 -3.375 1.09375 -3.203125 C 1.09375 -3.140625 1.0625 -2.984375 1.015625 -2.828125 L 0.609375 -1.3125 C 0.484375 -0.84375 0.421875 -0.546875 0.421875 -0.375 C 0.421875 -0.0625 0.546875 0.09375 0.828125 0.09375 C 1.265625 0.09375 1.53125 -0.15625 2 -0.875 Z M 1.890625 -0.96875 "/>
</symbol>
<symbol overflow="visible" id="glyph3-1">
<path style="stroke:none;" d="M 3.921875 -1 C 3.859375 -0.921875 3.796875 -0.84375 3.734375 -0.78125 C 3.484375 -0.453125 3.34375 -0.328125 3.21875 -0.328125 C 3.109375 -0.328125 3.078125 -0.40625 3.078125 -0.484375 C 3.078125 -0.546875 3.109375 -0.6875 3.203125 -1 L 3.671875 -2.71875 C 3.734375 -2.90625 3.765625 -3.078125 3.765625 -3.234375 C 3.765625 -3.546875 3.578125 -3.75 3.203125 -3.75 C 2.671875 -3.75 2.09375 -3.25 1.25 -1.875 L 1.8125 -3.734375 L 1.78125 -3.75 C 1.328125 -3.65625 1.09375 -3.625 0.40625 -3.484375 L 0.40625 -3.359375 C 0.828125 -3.34375 0.953125 -3.296875 0.953125 -3.125 C 0.953125 -3.078125 0.9375 -3.015625 0.9375 -2.984375 L 0.125 0 L 0.765625 0 C 1.15625 -1.34375 1.21875 -1.546875 1.609375 -2.109375 C 2.140625 -2.90625 2.53125 -3.328125 2.875 -3.328125 C 3 -3.328125 3.078125 -3.234375 3.078125 -3.078125 C 3.078125 -2.96875 3.015625 -2.671875 2.953125 -2.40625 L 2.578125 -1.015625 C 2.46875 -0.578125 2.4375 -0.46875 2.4375 -0.390625 C 2.4375 -0.0625 2.625 0.078125 2.84375 0.078125 C 3.25 0.078125 3.453125 -0.09375 4.03125 -0.890625 Z M 3.921875 -1 "/>
</symbol>
<symbol overflow="visible" id="glyph3-2">
<path style="stroke:none;" d="M 2.375 -5.09375 C 2.375 -5.328125 2.171875 -5.546875 1.9375 -5.546875 C 1.703125 -5.546875 1.484375 -5.359375 1.484375 -5.109375 C 1.484375 -4.84375 1.6875 -4.671875 1.953125 -4.671875 C 2.171875 -4.671875 2.375 -4.859375 2.375 -5.09375 Z M 2.09375 -3.734375 L 2.0625 -3.75 C 1.34375 -3.625 0.890625 -3.5625 0.625 -3.546875 L 0.625 -3.40625 L 0.84375 -3.40625 C 1.15625 -3.40625 1.25 -3.328125 1.25 -3.140625 C 1.25 -3.0625 1.21875 -2.875 1.109375 -2.46875 L 0.5 0.03125 C 0.21875 1.203125 0.015625 1.578125 -0.328125 1.578125 C -0.421875 1.578125 -0.484375 1.53125 -0.484375 1.46875 C -0.484375 1.34375 -0.375 1.375 -0.375 1.1875 C -0.375 1 -0.484375 0.875 -0.703125 0.875 C -0.90625 0.875 -1.0625 1.03125 -1.0625 1.25 C -1.0625 1.546875 -0.78125 1.765625 -0.390625 1.765625 C 0.359375 1.765625 0.859375 1.140625 1.203125 -0.234375 Z M 2.09375 -3.734375 "/>
</symbol>
<symbol overflow="visible" id="glyph3-3">
<path style="stroke:none;" d="M 6 -0.890625 L 5.875 -1 L 5.6875 -0.78125 C 5.4375 -0.453125 5.28125 -0.328125 5.140625 -0.328125 C 5.0625 -0.328125 5.03125 -0.359375 5.03125 -0.453125 C 5.03125 -0.5 5.0625 -0.640625 5.125 -0.84375 L 5.703125 -2.984375 C 5.703125 -3.015625 5.71875 -3.15625 5.71875 -3.21875 C 5.71875 -3.53125 5.546875 -3.75 5.234375 -3.75 C 5.0625 -3.75 4.890625 -3.71875 4.6875 -3.578125 C 4.28125 -3.328125 3.921875 -2.890625 3.328125 -1.953125 C 3.5625 -2.609375 3.671875 -3.078125 3.671875 -3.25 C 3.671875 -3.546875 3.5 -3.75 3.15625 -3.75 C 2.640625 -3.75 2.046875 -3.1875 1.28125 -1.953125 L 1.78125 -3.734375 L 1.75 -3.75 L 0.375 -3.484375 L 0.375 -3.359375 L 0.59375 -3.359375 C 0.8125 -3.359375 0.9375 -3.296875 0.9375 -3.171875 C 0.9375 -3.0625 0.8125 -2.359375 0.46875 -1.21875 L 0.109375 0 L 0.734375 0 C 1.15625 -1.34375 1.265625 -1.65625 1.5625 -2.09375 C 2.03125 -2.8125 2.53125 -3.3125 2.828125 -3.3125 C 2.9375 -3.3125 3.015625 -3.234375 3.015625 -3.09375 C 3.015625 -2.984375 2.8125 -2.09375 2.4375 -0.796875 L 2.203125 0 L 2.84375 0 C 3.171875 -1.3125 3.34375 -1.734375 3.765625 -2.3125 C 4.1875 -2.90625 4.625 -3.3125 4.875 -3.3125 C 4.96875 -3.3125 5.046875 -3.234375 5.046875 -3.140625 C 5.046875 -3.09375 5.03125 -2.984375 4.984375 -2.8125 L 4.5 -0.875 C 4.40625 -0.546875 4.390625 -0.40625 4.390625 -0.3125 C 4.390625 -0.0625 4.5 0.078125 4.71875 0.078125 C 5.125 0.078125 5.5 -0.203125 5.953125 -0.828125 Z M 6 -0.890625 "/>
</symbol>
<symbol overflow="visible" id="glyph4-0">
<path style="stroke:none;" d="M 5.421875 -2.71875 L 5.421875 -3.28125 L 0.40625 -3.28125 L 0.40625 -2.71875 Z M 5.421875 -1.015625 L 5.421875 -1.578125 L 0.40625 -1.578125 L 0.40625 -1.015625 Z M 5.421875 -1.015625 "/>
</symbol>
<symbol overflow="visible" id="glyph4-1">
<path style="stroke:none;" d="M 3.359375 0 L 3.359375 -0.125 C 2.71875 -0.125 2.546875 -0.28125 2.546875 -0.640625 L 2.546875 -5.734375 L 2.46875 -5.75 L 0.9375 -4.984375 L 0.9375 -4.859375 L 1.171875 -4.953125 C 1.328125 -5 1.46875 -5.046875 1.5625 -5.046875 C 1.734375 -5.046875 1.8125 -4.921875 1.8125 -4.625 L 1.8125 -0.8125 C 1.8125 -0.34375 1.640625 -0.15625 1 -0.125 L 1 0 Z M 3.359375 0 "/>
</symbol>
<symbol overflow="visible" id="glyph5-0">
<path style="stroke:none;" d="M 7.859375 -7.84375 L 5.375 -7.84375 L 5.375 -7.640625 C 5.890625 -7.625 6.109375 -7.46875 6.109375 -7.234375 C 6.109375 -7.09375 6.03125 -6.90625 5.859375 -6.71875 L 4.109375 -4.71875 L 3.40625 -6.484375 C 3.28125 -6.796875 3.21875 -7 3.21875 -7.15625 C 3.21875 -7.453125 3.40625 -7.5625 4.0625 -7.640625 L 4.0625 -7.84375 L 0.90625 -7.84375 L 0.90625 -7.640625 C 1.609375 -7.578125 1.828125 -7.390625 2.046875 -6.8125 L 3.28125 -3.75 L 2.296875 -2.59375 C 0.640625 -0.671875 0.328125 -0.3125 -0.34375 -0.1875 L -0.34375 0 L 2.203125 0 L 2.203125 -0.1875 C 1.625 -0.1875 1.421875 -0.328125 1.421875 -0.59375 C 1.421875 -0.75 1.53125 -0.96875 1.6875 -1.15625 L 3.5 -3.234375 L 4.3125 -1.25 C 4.40625 -1.015625 4.46875 -0.796875 4.46875 -0.640625 C 4.46875 -0.34375 4.265625 -0.203125 3.546875 -0.1875 L 3.546875 0 L 6.796875 0 L 6.796875 -0.1875 C 5.984375 -0.28125 5.828125 -0.390625 5.546875 -1.109375 L 4.328125 -4.171875 L 6.359375 -6.5 C 6.953125 -7.203125 7.34375 -7.46875 7.859375 -7.640625 Z M 7.859375 -7.84375 "/>
</symbol>
<symbol overflow="visible" id="glyph5-1">
<path style="stroke:none;" d="M 7.59375 -7.84375 L 5.328125 -7.84375 L 5.328125 -7.640625 L 5.671875 -7.609375 C 6.03125 -7.578125 6.15625 -7.46875 6.15625 -7.265625 C 6.15625 -6.953125 5.625 -6.203125 4.375 -4.71875 L 3.90625 -4.15625 L 3.53125 -5.484375 C 3.234375 -6.5 3.09375 -7.03125 3.09375 -7.21875 C 3.09375 -7.46875 3.234375 -7.578125 3.953125 -7.640625 L 3.953125 -7.84375 L 1.09375 -7.84375 L 1.09375 -7.640625 C 1.765625 -7.546875 1.84375 -7.453125 2.015625 -6.828125 L 2.921875 -3.625 L 2.21875 -1.15625 C 2 -0.390625 1.734375 -0.234375 0.9375 -0.1875 L 0.9375 0 L 4.40625 0 L 4.40625 -0.1875 L 3.96875 -0.234375 C 3.5 -0.265625 3.34375 -0.375 3.34375 -0.671875 C 3.34375 -0.921875 3.421875 -1.25 3.703125 -2.203125 L 4.125 -3.671875 L 6.75 -6.90625 C 7.15625 -7.40625 7.25 -7.53125 7.59375 -7.640625 Z M 7.59375 -7.84375 "/>
</symbol>
<symbol overflow="visible" id="glyph5-2">
<path style="stroke:none;" d="M 4.296875 -1.3125 C 3.4375 -0.59375 3.0625 -0.40625 2.53125 -0.40625 C 1.859375 -0.40625 1.421875 -0.84375 1.421875 -1.5 C 1.421875 -1.6875 1.421875 -1.984375 1.53125 -2.234375 C 3.6875 -2.515625 4.9375 -3.4375 4.9375 -4.46875 C 4.9375 -4.984375 4.59375 -5.296875 3.953125 -5.296875 C 2.15625 -5.296875 0.375 -3.375 0.375 -1.515625 C 0.375 -0.515625 1.015625 0.125 1.984375 0.125 C 2.984375 0.125 3.75 -0.328125 4.4375 -1.15625 Z M 1.828125 -3.03125 C 2.234375 -4.09375 3.046875 -5.015625 3.734375 -5.015625 C 4.0625 -5.015625 4.15625 -4.84375 4.15625 -4.546875 C 4.15625 -4.171875 3.921875 -3.75 3.546875 -3.390625 C 3.109375 -2.96875 2.65625 -2.75 1.625 -2.5 Z M 1.828125 -3.03125 "/>
</symbol>
<symbol overflow="visible" id="glyph5-3">
<path style="stroke:none;" d="M 0.484375 -5.140625 L 0.40625 -4.75 L 1.5 -4.75 L 0.4375 0.28125 C 0.171875 1.578125 -0.21875 2.234375 -0.71875 2.234375 C -0.859375 2.234375 -0.953125 2.140625 -0.953125 2.046875 C -0.953125 1.90625 -0.859375 1.84375 -0.859375 1.6875 C -0.859375 1.4375 -1.03125 1.25 -1.3125 1.25 C -1.5625 1.25 -1.765625 1.46875 -1.765625 1.75 C -1.765625 2.171875 -1.359375 2.484375 -0.8125 2.484375 C 0.28125 2.484375 1.078125 1.3125 1.578125 -0.90625 L 2.453125 -4.75 L 3.75 -4.75 L 3.8125 -5.140625 L 2.53125 -5.140625 C 2.875 -7.03125 3.328125 -7.875 4 -7.875 C 4.15625 -7.875 4.265625 -7.8125 4.265625 -7.71875 C 4.265625 -7.609375 4.140625 -7.546875 4.140625 -7.34375 C 4.140625 -7.0625 4.375 -6.875 4.578125 -6.875 C 4.859375 -6.875 5.09375 -7.125 5.09375 -7.390625 C 5.09375 -7.828125 4.640625 -8.140625 4.0625 -8.140625 C 3.328125 -8.140625 2.828125 -7.734375 2.46875 -7.21875 C 2.078125 -6.640625 1.875 -5.984375 1.609375 -5.140625 Z M 0.484375 -5.140625 "/>
</symbol>
<symbol overflow="visible" id="glyph5-4">
<path style="stroke:none;" d="M 3.546875 -5.140625 L 2.59375 -5.140625 L 2.921875 -6.375 C 2.9375 -6.390625 2.9375 -6.453125 2.9375 -6.453125 C 2.9375 -6.515625 2.90625 -6.546875 2.828125 -6.546875 C 2.78125 -6.546875 2.71875 -6.515625 2.65625 -6.4375 C 2.234375 -5.796875 1.453125 -5.203125 1.0625 -5.125 C 0.78125 -5.0625 0.671875 -4.953125 0.671875 -4.828125 C 0.671875 -4.828125 0.671875 -4.78125 0.6875 -4.75 L 1.578125 -4.75 L 0.640625 -1.203125 C 0.546875 -0.8125 0.453125 -0.4375 0.453125 -0.3125 C 0.453125 -0.015625 0.6875 0.125 1.015625 0.125 C 1.625 0.125 2 -0.21875 2.71875 -1.3125 L 2.5625 -1.40625 C 1.984375 -0.640625 1.78125 -0.453125 1.59375 -0.453125 C 1.484375 -0.453125 1.421875 -0.484375 1.421875 -0.640625 C 1.421875 -0.6875 1.421875 -0.765625 1.4375 -0.8125 L 2.484375 -4.75 L 3.484375 -4.75 Z M 3.546875 -5.140625 "/>
</symbol>
<symbol overflow="visible" id="glyph6-0">
<path style="stroke:none;" d="M 1 1.6875 C 1.828125 1.296875 2.34375 0.546875 2.34375 -0.1875 C 2.34375 -0.796875 1.921875 -1.21875 1.375 -1.21875 C 0.953125 -1.21875 0.65625 -0.953125 0.65625 -0.546875 C 0.65625 -0.125 0.90625 0.078125 1.359375 0.078125 C 1.484375 0.078125 1.609375 0.03125 1.703125 0.03125 C 1.796875 0.03125 1.875 0.09375 1.875 0.1875 C 1.875 0.578125 1.53125 1.015625 0.875 1.46875 Z M 1 1.6875 "/>
</symbol>
<symbol overflow="visible" id="glyph6-1">
<path style="stroke:none;" d="M 7.640625 -3.84375 L 7.640625 -4.625 L 0.578125 -4.625 L 0.578125 -3.84375 Z M 7.640625 -1.4375 L 7.640625 -2.234375 L 0.578125 -2.234375 L 0.578125 -1.4375 Z M 7.640625 -1.4375 "/>
</symbol>
<symbol overflow="visible" id="glyph7-0">
<path style="stroke:none;" d="M 4.359375 14.46875 C 3.847656 14.019531 3.40625 13.515625 3.03125 12.953125 C 2.664062 12.390625 2.367188 11.785156 2.140625 11.140625 C 1.921875 10.492188 1.757812 9.832031 1.65625 9.15625 C 1.550781 8.476562 1.5 7.785156 1.5 7.078125 C 1.5 6.367188 1.550781 5.675781 1.65625 5 C 1.757812 4.320312 1.921875 3.660156 2.140625 3.015625 C 2.367188 2.367188 2.664062 1.765625 3.03125 1.203125 C 3.40625 0.640625 3.847656 0.132812 4.359375 -0.3125 C 4.359375 -0.320312 4.375 -0.328125 4.40625 -0.328125 L 4.59375 -0.328125 C 4.613281 -0.328125 4.628906 -0.316406 4.640625 -0.296875 C 4.648438 -0.285156 4.65625 -0.269531 4.65625 -0.25 C 4.65625 -0.226562 4.648438 -0.210938 4.640625 -0.203125 C 4.171875 0.265625 3.773438 0.773438 3.453125 1.328125 C 3.140625 1.890625 2.882812 2.488281 2.6875 3.125 C 2.5 3.769531 2.363281 4.421875 2.28125 5.078125 C 2.195312 5.734375 2.15625 6.40625 2.15625 7.09375 C 2.15625 7.769531 2.195312 8.4375 2.28125 9.09375 C 2.363281 9.75 2.5 10.394531 2.6875 11.03125 C 2.882812 11.664062 3.144531 12.265625 3.46875 12.828125 C 3.789062 13.390625 4.179688 13.898438 4.640625 14.359375 C 4.648438 14.367188 4.65625 14.382812 4.65625 14.40625 C 4.65625 14.425781 4.648438 14.441406 4.640625 14.453125 C 4.628906 14.472656 4.613281 14.484375 4.59375 14.484375 L 4.40625 14.484375 C 4.375 14.484375 4.359375 14.476562 4.359375 14.46875 Z M 4.359375 14.46875 "/>
</symbol>
<symbol overflow="visible" id="glyph8-0">
<path style="stroke:none;" d="M 0.359375 14.484375 C 0.316406 14.484375 0.296875 14.457031 0.296875 14.40625 C 0.296875 14.382812 0.300781 14.367188 0.3125 14.359375 C 0.78125 13.890625 1.175781 13.367188 1.5 12.796875 C 1.820312 12.234375 2.070312 11.640625 2.25 11.015625 C 2.4375 10.398438 2.570312 9.765625 2.65625 9.109375 C 2.738281 8.453125 2.78125 7.773438 2.78125 7.078125 C 2.78125 6.359375 2.738281 5.671875 2.65625 5.015625 C 2.570312 4.367188 2.4375 3.734375 2.25 3.109375 C 2.0625 2.492188 1.804688 1.898438 1.484375 1.328125 C 1.171875 0.765625 0.78125 0.253906 0.3125 -0.203125 C 0.300781 -0.210938 0.296875 -0.226562 0.296875 -0.25 C 0.296875 -0.300781 0.316406 -0.328125 0.359375 -0.328125 L 0.546875 -0.328125 C 0.566406 -0.328125 0.582031 -0.320312 0.59375 -0.3125 C 1.101562 0.125 1.539062 0.628906 1.90625 1.203125 C 2.28125 1.773438 2.578125 2.378906 2.796875 3.015625 C 3.023438 3.660156 3.1875 4.320312 3.28125 5 C 3.382812 5.675781 3.4375 6.367188 3.4375 7.078125 C 3.4375 7.785156 3.382812 8.476562 3.28125 9.15625 C 3.1875 9.832031 3.023438 10.488281 2.796875 11.125 C 2.578125 11.769531 2.28125 12.378906 1.90625 12.953125 C 1.539062 13.523438 1.101562 14.03125 0.59375 14.46875 C 0.582031 14.476562 0.566406 14.484375 0.546875 14.484375 Z M 0.359375 14.484375 "/>
</symbol>
<symbol overflow="visible" id="glyph9-0">
<path style="stroke:none;" d="M 4.15625 11.578125 C 3.28125 10.878906 2.632812 10.003906 2.21875 8.953125 C 1.8125 7.910156 1.609375 6.789062 1.609375 5.59375 C 1.609375 4.394531 1.8125 3.269531 2.21875 2.21875 C 2.632812 1.164062 3.28125 0.300781 4.15625 -0.375 C 4.15625 -0.394531 4.175781 -0.40625 4.21875 -0.40625 L 4.34375 -0.40625 C 4.363281 -0.40625 4.378906 -0.394531 4.390625 -0.375 C 4.410156 -0.351562 4.421875 -0.332031 4.421875 -0.3125 C 4.421875 -0.28125 4.414062 -0.257812 4.40625 -0.25 C 4.019531 0.125 3.695312 0.539062 3.4375 1 C 3.175781 1.457031 2.96875 1.929688 2.8125 2.421875 C 2.664062 2.921875 2.554688 3.4375 2.484375 3.96875 C 2.421875 4.507812 2.390625 5.054688 2.390625 5.609375 C 2.390625 8.191406 3.0625 10.132812 4.40625 11.4375 C 4.414062 11.445312 4.421875 11.46875 4.421875 11.5 C 4.421875 11.519531 4.410156 11.539062 4.390625 11.5625 C 4.378906 11.582031 4.363281 11.59375 4.34375 11.59375 L 4.21875 11.59375 C 4.175781 11.59375 4.15625 11.585938 4.15625 11.578125 Z M 4.15625 11.578125 "/>
</symbol>
<symbol overflow="visible" id="glyph10-0">
<path style="stroke:none;" d="M 2.796875 -0.859375 C 2.375 -0.40625 2.0625 -0.203125 1.640625 -0.203125 C 1.1875 -0.203125 0.921875 -0.53125 0.921875 -1.109375 C 0.921875 -1.828125 1.203125 -2.5 1.65625 -2.96875 C 1.890625 -3.21875 2.203125 -3.359375 2.53125 -3.359375 C 2.71875 -3.359375 2.828125 -3.296875 2.828125 -3.203125 C 2.828125 -3.046875 2.703125 -2.953125 2.703125 -2.8125 C 2.703125 -2.65625 2.796875 -2.5 3.015625 -2.5 C 3.21875 -2.5 3.40625 -2.65625 3.40625 -2.875 C 3.40625 -3.25 3.046875 -3.53125 2.5625 -3.53125 C 2.078125 -3.53125 1.609375 -3.359375 1.21875 -3.046875 C 0.65625 -2.578125 0.234375 -1.890625 0.234375 -1.140625 C 0.234375 -0.328125 0.671875 0.09375 1.421875 0.09375 C 2.015625 0.09375 2.4375 -0.15625 2.921875 -0.78125 Z M 2.796875 -0.859375 "/>
</symbol>
<symbol overflow="visible" id="glyph10-1">
<path style="stroke:none;" d="M 3.75 -2.40625 C 3.75 -3.109375 3.265625 -3.53125 2.609375 -3.53125 C 2.28125 -3.53125 1.96875 -3.453125 1.65625 -3.28125 C 0.8125 -2.84375 0.21875 -1.921875 0.21875 -1.03125 C 0.21875 -0.328125 0.640625 0.09375 1.390625 0.09375 C 1.921875 0.09375 2.4375 -0.109375 2.890625 -0.578125 C 3.421875 -1.09375 3.75 -1.796875 3.75 -2.40625 Z M 3.078125 -2.609375 C 3.078125 -2 2.84375 -1.25 2.484375 -0.75 C 2.171875 -0.3125 1.859375 -0.078125 1.515625 -0.078125 C 1.140625 -0.078125 0.890625 -0.328125 0.890625 -0.8125 C 0.890625 -1.4375 1.109375 -2.078125 1.484375 -2.625 C 1.796875 -3.109375 2.15625 -3.359375 2.5 -3.359375 C 2.84375 -3.359375 3.078125 -3.09375 3.078125 -2.609375 Z M 3.078125 -2.609375 "/>
</symbol>
<symbol overflow="visible" id="glyph10-2">
<path style="stroke:none;" d="M 1.65625 -0.5625 C 1.609375 -1.640625 1.5625 -2.078125 1.453125 -2.609375 C 1.28125 -3.484375 1.28125 -3.53125 1.21875 -3.53125 C 1.171875 -3.53125 1.125 -3.515625 1.0625 -3.5 C 0.796875 -3.4375 0.515625 -3.390625 0.15625 -3.328125 L 0.15625 -3.21875 C 0.25 -3.234375 0.328125 -3.234375 0.40625 -3.234375 C 0.703125 -3.234375 0.796875 -3.09375 0.890625 -2.484375 C 1 -1.875 1.09375 -0.8125 1.09375 -0.265625 L 1.09375 -0.078125 C 1.09375 0.0625 1.109375 0.140625 1.15625 0.140625 C 1.296875 0.140625 1.515625 -0.125 1.953125 -0.59375 C 2.09375 -0.75 2.546875 -1.25 2.90625 -1.8125 C 3.1875 -2.25 3.40625 -2.71875 3.40625 -3.0625 C 3.40625 -3.265625 3.21875 -3.53125 2.953125 -3.53125 C 2.796875 -3.53125 2.65625 -3.421875 2.65625 -3.25 C 2.65625 -3.125 2.71875 -3.03125 2.859375 -2.890625 C 2.953125 -2.796875 3 -2.75 3 -2.65625 C 3 -2.28125 2.484375 -1.40625 1.90625 -0.8125 Z M 1.65625 -0.5625 "/>
</symbol>
<symbol overflow="visible" id="glyph10-3">
<path style="stroke:none;" d="M 5.234375 -5.21875 L 3.578125 -5.21875 L 3.578125 -5.09375 C 3.921875 -5.078125 4.078125 -4.96875 4.078125 -4.828125 C 4.078125 -4.734375 4.015625 -4.609375 3.90625 -4.484375 L 2.75 -3.140625 L 2.265625 -4.3125 C 2.1875 -4.53125 2.140625 -4.65625 2.140625 -4.765625 C 2.140625 -4.96875 2.265625 -5.046875 2.71875 -5.09375 L 2.71875 -5.21875 L 0.609375 -5.21875 L 0.609375 -5.09375 C 1.078125 -5.0625 1.21875 -4.921875 1.375 -4.546875 L 2.1875 -2.5 L 1.53125 -1.734375 C 0.4375 -0.453125 0.21875 -0.203125 -0.234375 -0.125 L -0.234375 0 L 1.46875 0 L 1.46875 -0.125 C 1.09375 -0.125 0.9375 -0.21875 0.9375 -0.390625 C 0.9375 -0.5 1.015625 -0.640625 1.125 -0.78125 L 2.34375 -2.15625 L 2.875 -0.828125 C 2.9375 -0.671875 2.984375 -0.53125 2.984375 -0.421875 C 2.984375 -0.234375 2.84375 -0.140625 2.375 -0.125 L 2.375 0 L 4.53125 0 L 4.53125 -0.125 C 3.984375 -0.1875 3.890625 -0.265625 3.703125 -0.75 L 2.890625 -2.78125 L 4.234375 -4.34375 C 4.640625 -4.796875 4.890625 -4.984375 5.234375 -5.09375 Z M 5.234375 -5.21875 "/>
</symbol>
<symbol overflow="visible" id="glyph10-4">
<path style="stroke:none;" d="M 2.109375 -4.796875 C 2.109375 -5.03125 1.921875 -5.234375 1.71875 -5.234375 C 1.5 -5.234375 1.34375 -5.0625 1.34375 -4.8125 C 1.34375 -4.546875 1.484375 -4.390625 1.71875 -4.390625 C 1.921875 -4.390625 2.109375 -4.5625 2.109375 -4.796875 Z M 1.78125 -0.90625 C 1.4375 -0.453125 1.234375 -0.28125 1.109375 -0.28125 C 1.046875 -0.28125 0.984375 -0.328125 0.984375 -0.40625 C 0.984375 -0.515625 1.03125 -0.625 1.078125 -0.765625 L 1.828125 -3.5 L 1.796875 -3.53125 C 0.984375 -3.375 0.828125 -3.359375 0.515625 -3.328125 L 0.515625 -3.203125 C 0.9375 -3.1875 1.03125 -3.171875 1.03125 -3.015625 C 1.03125 -2.9375 0.984375 -2.796875 0.953125 -2.65625 L 0.5625 -1.234375 C 0.453125 -0.796875 0.390625 -0.515625 0.390625 -0.359375 C 0.390625 -0.0625 0.515625 0.09375 0.78125 0.09375 C 1.1875 0.09375 1.4375 -0.15625 1.875 -0.828125 Z M 1.78125 -0.90625 "/>
</symbol>
<symbol overflow="visible" id="glyph10-5">
<path style="stroke:none;" d="M 5.515625 -5.3125 L 5.34375 -5.3125 C 5.28125 -5.1875 5.203125 -5.140625 5.046875 -5.140625 C 4.96875 -5.140625 4.875 -5.140625 4.71875 -5.1875 C 4.375 -5.3125 4.046875 -5.328125 3.78125 -5.328125 C 3.140625 -5.328125 2.53125 -5.109375 2.03125 -4.75 C 1.140625 -4.125 0.53125 -3.078125 0.53125 -1.9375 C 0.53125 -0.625 1.390625 0.140625 2.609375 0.140625 C 3.4375 0.140625 4.078125 -0.203125 4.796875 -1.046875 L 4.65625 -1.171875 C 3.953125 -0.453125 3.484375 -0.21875 2.828125 -0.21875 C 1.9375 -0.21875 1.421875 -0.734375 1.421875 -1.859375 C 1.421875 -2.734375 1.71875 -3.640625 2.28125 -4.265625 C 2.734375 -4.734375 3.28125 -5.046875 3.875 -5.046875 C 4.578125 -5.046875 4.96875 -4.59375 5.078125 -3.734375 L 5.21875 -3.71875 Z M 5.515625 -5.3125 "/>
</symbol>
<symbol overflow="visible" id="glyph10-6">
<path style="stroke:none;" d="M 5.0625 -5.21875 L 3.546875 -5.21875 L 3.546875 -5.09375 L 3.78125 -5.078125 C 4.015625 -5.046875 4.109375 -4.984375 4.109375 -4.84375 C 4.109375 -4.625 3.75 -4.140625 2.90625 -3.140625 L 2.59375 -2.78125 L 2.359375 -3.65625 C 2.15625 -4.34375 2.0625 -4.6875 2.0625 -4.8125 C 2.0625 -4.984375 2.15625 -5.046875 2.640625 -5.09375 L 2.640625 -5.21875 L 0.734375 -5.21875 L 0.734375 -5.09375 C 1.171875 -5.03125 1.21875 -4.96875 1.34375 -4.546875 L 1.953125 -2.421875 L 1.484375 -0.78125 C 1.34375 -0.265625 1.15625 -0.15625 0.625 -0.125 L 0.625 0 L 2.9375 0 L 2.9375 -0.125 L 2.640625 -0.15625 C 2.34375 -0.171875 2.21875 -0.25 2.21875 -0.453125 C 2.21875 -0.609375 2.28125 -0.828125 2.46875 -1.46875 L 2.75 -2.453125 L 4.5 -4.609375 C 4.765625 -4.9375 4.828125 -5.015625 5.0625 -5.09375 Z M 5.0625 -5.21875 "/>
</symbol>
<symbol overflow="visible" id="glyph10-7">
<path style="stroke:none;" d="M 2.234375 -4.78125 C 2.234375 -5.015625 2.046875 -5.21875 1.828125 -5.21875 C 1.59375 -5.21875 1.40625 -5.046875 1.40625 -4.796875 C 1.40625 -4.546875 1.59375 -4.390625 1.828125 -4.390625 C 2.046875 -4.390625 2.234375 -4.5625 2.234375 -4.78125 Z M 1.96875 -3.5 L 1.9375 -3.53125 C 1.265625 -3.40625 0.84375 -3.34375 0.578125 -3.328125 L 0.578125 -3.203125 L 0.796875 -3.203125 C 1.078125 -3.203125 1.171875 -3.125 1.171875 -2.953125 C 1.171875 -2.875 1.140625 -2.703125 1.046875 -2.3125 L 0.46875 0.03125 C 0.203125 1.125 0.015625 1.484375 -0.296875 1.484375 C -0.40625 1.484375 -0.453125 1.4375 -0.453125 1.390625 C -0.453125 1.265625 -0.359375 1.28125 -0.359375 1.109375 C -0.359375 0.9375 -0.453125 0.8125 -0.65625 0.8125 C -0.84375 0.8125 -0.984375 0.96875 -0.984375 1.171875 C -0.984375 1.453125 -0.734375 1.65625 -0.359375 1.65625 C 0.34375 1.65625 0.8125 1.078125 1.140625 -0.21875 Z M 1.96875 -3.5 "/>
</symbol>
<symbol overflow="visible" id="glyph11-0">
<path style="stroke:none;" d="M 4.203125 13.421875 C 3.703125 13.003906 3.273438 12.535156 2.921875 12.015625 C 2.566406 11.492188 2.28125 10.929688 2.0625 10.328125 C 1.851562 9.734375 1.695312 9.117188 1.59375 8.484375 C 1.488281 7.859375 1.4375 7.21875 1.4375 6.5625 C 1.4375 5.90625 1.488281 5.257812 1.59375 4.625 C 1.695312 4 1.851562 3.390625 2.0625 2.796875 C 2.28125 2.203125 2.566406 1.640625 2.921875 1.109375 C 3.273438 0.585938 3.703125 0.117188 4.203125 -0.296875 C 4.203125 -0.304688 4.210938 -0.3125 4.234375 -0.3125 L 4.421875 -0.3125 C 4.441406 -0.3125 4.457031 -0.300781 4.46875 -0.28125 C 4.476562 -0.257812 4.484375 -0.242188 4.484375 -0.234375 C 4.484375 -0.210938 4.476562 -0.195312 4.46875 -0.1875 C 4.019531 0.25 3.640625 0.722656 3.328125 1.234375 C 3.023438 1.753906 2.78125 2.3125 2.59375 2.90625 C 2.40625 3.5 2.269531 4.097656 2.1875 4.703125 C 2.113281 5.316406 2.078125 5.941406 2.078125 6.578125 C 2.078125 7.210938 2.113281 7.832031 2.1875 8.4375 C 2.269531 9.050781 2.40625 9.648438 2.59375 10.234375 C 2.78125 10.828125 3.023438 11.382812 3.328125 11.90625 C 3.640625 12.425781 4.019531 12.898438 4.46875 13.328125 C 4.476562 13.335938 4.484375 13.351562 4.484375 13.375 C 4.484375 13.382812 4.476562 13.394531 4.46875 13.40625 C 4.457031 13.425781 4.441406 13.4375 4.421875 13.4375 L 4.234375 13.4375 C 4.210938 13.4375 4.203125 13.429688 4.203125 13.421875 Z M 4.203125 13.421875 "/>
</symbol>
<symbol overflow="visible" id="glyph11-1">
<path style="stroke:none;" d="M 0.359375 13.4375 C 0.304688 13.4375 0.28125 13.414062 0.28125 13.375 C 0.28125 13.351562 0.285156 13.335938 0.296875 13.328125 C 0.753906 12.890625 1.140625 12.40625 1.453125 11.875 C 1.765625 11.351562 2.007812 10.800781 2.1875 10.21875 C 2.363281 9.644531 2.488281 9.050781 2.5625 8.4375 C 2.644531 7.832031 2.6875 7.207031 2.6875 6.5625 C 2.6875 5.894531 2.644531 5.257812 2.5625 4.65625 C 2.488281 4.050781 2.359375 3.460938 2.171875 2.890625 C 1.992188 2.316406 1.75 1.765625 1.4375 1.234375 C 1.132812 0.710938 0.753906 0.238281 0.296875 -0.1875 C 0.285156 -0.195312 0.28125 -0.210938 0.28125 -0.234375 C 0.28125 -0.285156 0.304688 -0.3125 0.359375 -0.3125 L 0.53125 -0.3125 C 0.550781 -0.3125 0.566406 -0.304688 0.578125 -0.296875 C 1.066406 0.109375 1.488281 0.578125 1.84375 1.109375 C 2.207031 1.640625 2.492188 2.203125 2.703125 2.796875 C 2.921875 3.398438 3.078125 4.015625 3.171875 4.640625 C 3.273438 5.265625 3.328125 5.90625 3.328125 6.5625 C 3.328125 7.21875 3.273438 7.859375 3.171875 8.484375 C 3.078125 9.117188 2.921875 9.734375 2.703125 10.328125 C 2.492188 10.921875 2.207031 11.484375 1.84375 12.015625 C 1.488281 12.546875 1.066406 13.015625 0.578125 13.421875 C 0.566406 13.429688 0.550781 13.4375 0.53125 13.4375 Z M 0.359375 13.4375 "/>
</symbol>
<symbol overflow="visible" id="glyph12-0">
<path style="stroke:none;" d="M 5.640625 -5.296875 L 3.78125 -5.296875 L 3.78125 -5.140625 C 4.4375 -5.109375 4.53125 -4.921875 4.53125 -4.109375 L 4.53125 -2 C 4.53125 -1.359375 4.5 -1.03125 4.234375 -0.71875 C 3.984375 -0.421875 3.53125 -0.234375 3.03125 -0.234375 C 2.5625 -0.234375 2.234375 -0.375 2 -0.59375 C 1.6875 -0.90625 1.640625 -1.265625 1.640625 -1.890625 L 1.640625 -4.390625 C 1.640625 -4.984375 1.734375 -5.09375 2.375 -5.140625 L 2.375 -5.296875 L 0.109375 -5.296875 L 0.109375 -5.140625 C 0.75 -5.09375 0.828125 -5.015625 0.828125 -4.46875 L 0.828125 -1.984375 C 0.828125 -1.140625 1.046875 -0.578125 1.484375 -0.25 C 1.8125 -0.015625 2.25 0.109375 2.84375 0.109375 C 3.578125 0.109375 4.125 -0.09375 4.453125 -0.46875 C 4.8125 -0.875 4.890625 -1.3125 4.890625 -2.09375 L 4.890625 -4.125 C 4.890625 -4.890625 4.96875 -5.078125 5.640625 -5.140625 Z M 5.640625 -5.296875 "/>
</symbol>
<symbol overflow="visible" id="glyph12-1">
<path style="stroke:none;" d="M 3.875 0 L 3.875 -0.125 C 3.484375 -0.15625 3.390625 -0.25 3.390625 -0.6875 L 3.390625 -2.453125 C 3.390625 -3.234375 3.0625 -3.6875 2.453125 -3.6875 C 2.078125 -3.6875 1.71875 -3.5 1.296875 -3.03125 L 1.28125 -3.03125 L 1.28125 -3.65625 L 1.21875 -3.6875 C 0.828125 -3.53125 0.5625 -3.453125 0.125 -3.3125 L 0.125 -3.1875 C 0.1875 -3.203125 0.265625 -3.21875 0.359375 -3.21875 C 0.578125 -3.21875 0.640625 -3.09375 0.640625 -2.703125 L 0.640625 -0.75 C 0.640625 -0.28125 0.546875 -0.15625 0.140625 -0.125 L 0.140625 0 L 1.828125 0 L 1.828125 -0.125 C 1.421875 -0.15625 1.3125 -0.265625 1.3125 -0.578125 L 1.3125 -2.78125 C 1.6875 -3.140625 1.875 -3.234375 2.140625 -3.234375 C 2.53125 -3.234375 2.71875 -3 2.71875 -2.4375 L 2.71875 -0.84375 C 2.71875 -0.3125 2.625 -0.15625 2.21875 -0.125 L 2.21875 0 Z M 3.875 0 "/>
</symbol>
<symbol overflow="visible" id="glyph12-2">
<path style="stroke:none;" d="M 4.046875 0 L 4.046875 -0.125 C 3.6875 -0.140625 3.4375 -0.28125 3.109375 -0.703125 L 1.875 -2.25 L 2.109375 -2.46875 C 3.09375 -3.390625 3.328125 -3.484375 3.84375 -3.484375 L 3.84375 -3.59375 L 2.203125 -3.59375 L 2.203125 -3.484375 C 2.515625 -3.484375 2.609375 -3.453125 2.609375 -3.34375 C 2.609375 -3.265625 2.53125 -3.171875 2.421875 -3.0625 L 1.328125 -2.09375 L 1.328125 -5.453125 L 1.296875 -5.46875 C 0.984375 -5.375 0.78125 -5.296875 0.296875 -5.171875 L 0.0625 -5.109375 L 0.0625 -4.984375 C 0.15625 -4.984375 0.234375 -5 0.3125 -5 C 0.578125 -5 0.65625 -4.890625 0.65625 -4.515625 L 0.65625 -0.65625 C 0.65625 -0.234375 0.625 -0.21875 0.0625 -0.125 L 0.0625 0 L 1.921875 0 L 1.921875 -0.125 L 1.765625 -0.125 C 1.453125 -0.140625 1.328125 -0.25 1.328125 -0.53125 L 1.328125 -2.015625 L 2.53125 -0.421875 C 2.59375 -0.34375 2.609375 -0.28125 2.609375 -0.234375 C 2.609375 -0.171875 2.546875 -0.125 2.453125 -0.125 L 2.296875 -0.125 L 2.296875 0 Z M 4.046875 0 "/>
</symbol>
<symbol overflow="visible" id="glyph12-3">
<path style="stroke:none;" d="M 3.765625 -1.84375 C 3.765625 -2.953125 3.015625 -3.6875 2.03125 -3.6875 C 0.953125 -3.6875 0.234375 -2.9375 0.234375 -1.828125 C 0.234375 -0.71875 0.984375 0.078125 1.953125 0.078125 C 3.046875 0.078125 3.765625 -0.734375 3.765625 -1.84375 Z M 3.046875 -1.625 C 3.046875 -0.703125 2.6875 -0.140625 2.09375 -0.140625 C 1.8125 -0.140625 1.546875 -0.28125 1.375 -0.546875 C 1.078125 -0.96875 0.953125 -1.546875 0.953125 -2.1875 C 0.953125 -2.984375 1.328125 -3.453125 1.875 -3.453125 C 2.21875 -3.453125 2.453125 -3.296875 2.640625 -3.0625 C 2.890625 -2.734375 3.046875 -2.171875 3.046875 -1.625 Z M 3.046875 -1.625 "/>
</symbol>
<symbol overflow="visible" id="glyph12-4">
<path style="stroke:none;" d="M 5.546875 -3.59375 L 4.5625 -3.59375 L 4.5625 -3.484375 C 4.84375 -3.421875 4.921875 -3.375 4.921875 -3.234375 C 4.921875 -3.109375 4.875 -2.921875 4.78125 -2.703125 L 4.0625 -0.921875 L 3.390625 -2.71875 C 3.296875 -2.96875 3.25 -3.0625 3.25 -3.203125 C 3.25 -3.375 3.34375 -3.421875 3.71875 -3.484375 L 3.71875 -3.59375 L 2.09375 -3.59375 L 2.09375 -3.484375 C 2.390625 -3.453125 2.5 -3.359375 2.640625 -2.921875 L 2.8125 -2.484375 L 2.078125 -0.890625 L 1.28125 -2.96875 C 1.25 -3.0625 1.234375 -3.140625 1.234375 -3.21875 C 1.234375 -3.390625 1.328125 -3.453125 1.609375 -3.484375 L 1.609375 -3.59375 L 0.171875 -3.59375 L 0.171875 -3.484375 C 0.359375 -3.46875 0.421875 -3.40625 0.59375 -2.96875 L 1.671875 -0.234375 C 1.765625 0.015625 1.828125 0.109375 1.875 0.109375 C 1.921875 0.109375 1.984375 0.015625 2.078125 -0.203125 L 2.96875 -2.125 L 3.703125 -0.234375 C 3.828125 0.078125 3.84375 0.109375 3.890625 0.109375 C 3.953125 0.109375 3.984375 0.046875 4.125 -0.28125 L 5.21875 -3.046875 C 5.359375 -3.375 5.390625 -3.421875 5.546875 -3.484375 Z M 5.546875 -3.59375 "/>
</symbol>
<symbol overflow="visible" id="glyph12-5">
<path style="stroke:none;" d=""/>
</symbol>
<symbol overflow="visible" id="glyph12-6">
<path style="stroke:none;" d="M 3.1875 -1.25 C 2.796875 -0.6875 2.515625 -0.5 2.0625 -0.5 C 1.3125 -0.5 0.8125 -1.140625 0.8125 -2.0625 C 0.8125 -2.890625 1.25 -3.453125 1.90625 -3.453125 C 2.1875 -3.453125 2.296875 -3.359375 2.375 -3.0625 L 2.421875 -2.890625 C 2.484375 -2.65625 2.625 -2.515625 2.8125 -2.515625 C 3.015625 -2.515625 3.1875 -2.671875 3.1875 -2.859375 C 3.1875 -3.296875 2.625 -3.6875 1.953125 -3.6875 C 1.578125 -3.6875 1.1875 -3.53125 0.875 -3.265625 C 0.4375 -2.90625 0.203125 -2.359375 0.203125 -1.703125 C 0.203125 -0.65625 0.828125 0.078125 1.71875 0.078125 C 2.0625 0.078125 2.375 -0.03125 2.640625 -0.25 C 2.875 -0.453125 3.046875 -0.6875 3.296875 -1.171875 Z M 3.1875 -1.25 "/>
</symbol>
<symbol overflow="visible" id="glyph12-7">
<path style="stroke:none;" d="M 3.890625 0 L 3.890625 -0.125 C 3.46875 -0.203125 3.421875 -0.265625 3.421875 -0.8125 L 3.421875 -2.40625 C 3.421875 -3.25 3.09375 -3.6875 2.4375 -3.6875 C 1.953125 -3.6875 1.625 -3.484375 1.25 -3.015625 L 1.25 -5.4375 L 1.21875 -5.46875 C 0.9375 -5.375 0.75 -5.3125 0.296875 -5.171875 L 0.078125 -5.109375 L 0.078125 -4.984375 C 0.109375 -4.984375 0.140625 -4.984375 0.171875 -4.984375 C 0.515625 -4.984375 0.578125 -4.921875 0.578125 -4.578125 L 0.578125 -0.8125 C 0.578125 -0.25 0.53125 -0.1875 0.078125 -0.125 L 0.078125 0 L 1.796875 0 L 1.796875 -0.125 C 1.34375 -0.171875 1.25 -0.265625 1.25 -0.8125 L 1.25 -2.75 C 1.59375 -3.109375 1.828125 -3.25 2.15625 -3.25 C 2.546875 -3.25 2.75 -2.953125 2.75 -2.40625 L 2.75 -0.8125 C 2.75 -0.265625 2.65625 -0.171875 2.203125 -0.125 L 2.203125 0 Z M 3.890625 0 "/>
</symbol>
<symbol overflow="visible" id="glyph12-8">
<path style="stroke:none;" d="M 3.53125 -0.53125 C 3.40625 -0.421875 3.3125 -0.375 3.1875 -0.375 C 3.046875 -0.375 2.9375 -0.53125 2.9375 -0.90625 L 2.9375 -2.4375 C 2.9375 -2.921875 2.90625 -3.09375 2.71875 -3.3125 C 2.53125 -3.546875 2.21875 -3.6875 1.78125 -3.6875 C 1.421875 -3.6875 1.078125 -3.578125 0.859375 -3.4375 C 0.578125 -3.265625 0.453125 -3.015625 0.453125 -2.796875 C 0.453125 -2.578125 0.625 -2.4375 0.796875 -2.4375 C 1 -2.4375 1.15625 -2.609375 1.15625 -2.765625 C 1.15625 -2.921875 1.109375 -2.953125 1.109375 -3.09375 C 1.109375 -3.3125 1.359375 -3.484375 1.671875 -3.484375 C 2.03125 -3.484375 2.296875 -3.265625 2.296875 -2.765625 L 2.296875 -2.34375 C 1.390625 -2 1.09375 -1.84375 0.859375 -1.6875 C 0.546875 -1.484375 0.296875 -1.171875 0.296875 -0.75 C 0.296875 -0.21875 0.640625 0.078125 1.140625 0.078125 C 1.484375 0.078125 1.875 -0.03125 2.296875 -0.5 C 2.34375 -0.078125 2.515625 0.078125 2.8125 0.078125 C 3.09375 0.078125 3.296875 0 3.53125 -0.296875 Z M 2.296875 -1.015625 C 2.296875 -0.78125 2.25 -0.671875 2.015625 -0.515625 C 1.875 -0.421875 1.71875 -0.390625 1.546875 -0.390625 C 1.234375 -0.390625 1 -0.578125 1 -1 C 1 -1.25 1.078125 -1.4375 1.265625 -1.609375 C 1.46875 -1.796875 1.796875 -1.96875 2.296875 -2.140625 Z M 2.296875 -1.015625 "/>
</symbol>
<symbol overflow="visible" id="glyph12-9">
<path style="stroke:none;" d="M 1.28125 -3.65625 L 1.234375 -3.6875 C 0.8125 -3.515625 0.53125 -3.40625 0.0625 -3.25 L 0.0625 -3.125 C 0.171875 -3.140625 0.234375 -3.15625 0.34375 -3.15625 C 0.53125 -3.15625 0.609375 -3.03125 0.609375 -2.671875 L 0.609375 -0.671875 C 0.609375 -0.265625 0.546875 -0.21875 0.046875 -0.125 L 0.046875 0 L 1.953125 0 L 1.953125 -0.125 C 1.421875 -0.140625 1.28125 -0.265625 1.28125 -0.71875 L 1.28125 -2.515625 C 1.28125 -2.78125 1.609375 -3.171875 1.84375 -3.171875 C 1.890625 -3.171875 1.953125 -3.140625 2.046875 -3.0625 C 2.171875 -2.9375 2.265625 -2.890625 2.375 -2.890625 C 2.5625 -2.890625 2.6875 -3.03125 2.6875 -3.25 C 2.6875 -3.515625 2.515625 -3.6875 2.234375 -3.6875 C 1.90625 -3.6875 1.6875 -3.5 1.28125 -2.921875 Z M 1.28125 -3.65625 "/>
</symbol>
<symbol overflow="visible" id="glyph12-10">
<path style="stroke:none;" d="M 2.125 -0.609375 C 1.953125 -0.40625 1.828125 -0.34375 1.640625 -0.34375 C 1.359375 -0.34375 1.234375 -0.546875 1.234375 -1.0625 L 1.234375 -3.34375 L 2.046875 -3.34375 L 2.046875 -3.59375 L 1.234375 -3.59375 L 1.234375 -4.53125 C 1.234375 -4.609375 1.21875 -4.625 1.171875 -4.625 C 1.125 -4.546875 1.0625 -4.484375 1.015625 -4.40625 C 0.71875 -3.96875 0.453125 -3.671875 0.234375 -3.546875 C 0.15625 -3.5 0.109375 -3.453125 0.109375 -3.40625 C 0.109375 -3.375 0.109375 -3.359375 0.140625 -3.34375 L 0.5625 -3.34375 L 0.5625 -0.9375 C 0.5625 -0.265625 0.796875 0.078125 1.265625 0.078125 C 1.65625 0.078125 1.96875 -0.109375 2.234375 -0.53125 Z M 2.125 -0.609375 "/>
</symbol>
<symbol overflow="visible" id="glyph12-11">
<path style="stroke:none;" d="M 3.265625 -1.3125 C 2.875 -0.71875 2.5625 -0.46875 2.03125 -0.46875 C 1.65625 -0.46875 1.375 -0.609375 1.140625 -0.90625 C 0.859375 -1.296875 0.8125 -1.609375 0.78125 -2.21875 L 3.234375 -2.21875 C 3.203125 -2.640625 3.125 -2.90625 2.96875 -3.125 C 2.71875 -3.484375 2.359375 -3.6875 1.859375 -3.6875 C 0.84375 -3.6875 0.203125 -2.859375 0.203125 -1.734375 C 0.203125 -0.625 0.78125 0.078125 1.71875 0.078125 C 2.515625 0.078125 3.078125 -0.390625 3.390625 -1.25 Z M 0.796875 -2.46875 C 0.875 -3.078125 1.1875 -3.390625 1.640625 -3.390625 C 2.171875 -3.390625 2.34375 -3.125 2.421875 -2.46875 Z M 0.796875 -2.46875 "/>
</symbol>
<symbol overflow="visible" id="glyph12-12">
<path style="stroke:none;" d="M 3.796875 -1.09375 L 3.6875 -1.140625 C 3.421875 -0.703125 3.25 -0.609375 2.90625 -0.609375 L 1.046875 -0.609375 L 2.359375 -2.015625 C 3.078125 -2.765625 3.390625 -3.375 3.390625 -4 C 3.390625 -4.796875 2.8125 -5.40625 1.90625 -5.40625 C 0.921875 -5.40625 0.40625 -4.75 0.234375 -3.8125 L 0.40625 -3.78125 C 0.734375 -4.5625 1.015625 -4.8125 1.578125 -4.8125 C 2.265625 -4.8125 2.703125 -4.421875 2.703125 -3.6875 C 2.703125 -3.015625 2.40625 -2.40625 1.65625 -1.609375 L 0.234375 -0.09375 L 0.234375 0 L 3.359375 0 Z M 3.796875 -1.09375 "/>
</symbol>
</g>
</defs>
<g id="surface1">
<g style="fill:rgb(0%,0%,0%);fill-opacity:1;">
  <use xlink:href="#glyph0-0" x="1.765625" y="25.683594"/>
</g>
<g style="fill:rgb(0%,0%,0%);fill-opacity:1;">
  <use xlink:href="#glyph1-0" x="12.480469" y="4.500957"/>
</g>
<g style="fill:rgb(0%,0%,0%);fill-opacity:1;">
  <use xlink:href="#glyph2-0" x="22.972656" y="14.244141"/>
</g>
<g style="fill:rgb(0%,0%,0%);fill-opacity:1;">
  <use xlink:href="#glyph3-0" x="22.292969" y="39.519531"/>
</g>
<g style="fill:rgb(0%,0%,0%);fill-opacity:1;">
  <use xlink:href="#glyph4-0" x="28.417969" y="39.519531"/>
</g>
<g style="fill:rgb(0%,0%,0%);fill-opacity:1;">
  <use xlink:href="#glyph4-1" x="37.183594" y="39.519531"/>
</g>
<g style="fill:rgb(0%,0%,0%);fill-opacity:1;">
  <use xlink:href="#glyph3-1" x="29.550781" y="9.796875"/>
</g>
<g style="fill:rgb(0%,0%,0%);fill-opacity:1;">
  <use xlink:href="#glyph5-0" x="44.027344" y="25.683594"/>
</g>
<g style="fill:rgb(0%,0%,0%);fill-opacity:1;">
  <use xlink:href="#glyph3-0" x="52.601562" y="28.292969"/>
</g>
<g style="fill:rgb(0%,0%,0%);fill-opacity:1;">
  <use xlink:href="#glyph6-0" x="55.335938" y="25.683594"/>
</g>
<g style="fill:rgb(0%,0%,0%);fill-opacity:1;">
  <use xlink:href="#glyph2-0" x="63.882813" y="14.244141"/>
</g>
<g style="fill:rgb(0%,0%,0%);fill-opacity:1;">
  <use xlink:href="#glyph3-2" x="63.882812" y="39.519531"/>
</g>
<g style="fill:rgb(0%,0%,0%);fill-opacity:1;">
  <use xlink:href="#glyph4-0" x="70.132812" y="39.519531"/>
</g>
<g style="fill:rgb(0%,0%,0%);fill-opacity:1;">
  <use xlink:href="#glyph4-1" x="78.894531" y="39.519531"/>
</g>
<g style="fill:rgb(0%,0%,0%);fill-opacity:1;">
  <use xlink:href="#glyph3-3" x="69.484375" y="9.796875"/>
</g>
<g style="fill:rgb(0%,0%,0%);fill-opacity:1;">
  <use xlink:href="#glyph5-1" x="84.457031" y="25.683594"/>
</g>
<g style="fill:rgb(0%,0%,0%);fill-opacity:1;">
  <use xlink:href="#glyph3-2" x="94.253906" y="28.292969"/>
</g>
<g style="fill:rgb(0%,0%,0%);fill-opacity:1;">
  <use xlink:href="#glyph1-1" x="97.363281" y="4.500957"/>
</g>
<g style="fill:rgb(0%,0%,0%);fill-opacity:1;">
  <use xlink:href="#glyph6-1" x="108.109375" y="25.683594"/>
</g>
<g style="fill:rgb(0%,0%,0%);fill-opacity:1;">
  <use xlink:href="#glyph2-0" x="120.476563" y="14.244141"/>
</g>
<g style="fill:rgb(0%,0%,0%);fill-opacity:1;">
  <use xlink:href="#glyph3-0" x="119.800781" y="39.519531"/>
</g>
<g style="fill:rgb(0%,0%,0%);fill-opacity:1;">
  <use xlink:href="#glyph4-0" x="125.921875" y="39.519531"/>
</g>
<g style="fill:rgb(0%,0%,0%);fill-opacity:1;">
  <use xlink:href="#glyph4-1" x="134.6875" y="39.519531"/>
</g>
<g style="fill:rgb(0%,0%,0%);fill-opacity:1;">
  <use xlink:href="#glyph3-1" x="127.054688" y="9.796875"/>
</g>
<g style="fill:rgb(0%,0%,0%);fill-opacity:1;">
  <use xlink:href="#glyph2-0" x="142.054688" y="14.244141"/>
</g>
<g style="fill:rgb(0%,0%,0%);fill-opacity:1;">
  <use xlink:href="#glyph3-2" x="142.054688" y="39.519531"/>
</g>
<g style="fill:rgb(0%,0%,0%);fill-opacity:1;">
  <use xlink:href="#glyph4-0" x="148.304688" y="39.519531"/>
</g>
<g style="fill:rgb(0%,0%,0%);fill-opacity:1;">
  <use xlink:href="#glyph4-1" x="157.070312" y="39.519531"/>
</g>
<g style="fill:rgb(0%,0%,0%);fill-opacity:1;">
  <use xlink:href="#glyph3-3" x="147.65625" y="9.796875"/>
</g>
<g style="fill:rgb(0%,0%,0%);fill-opacity:1;">
  <use xlink:href="#glyph7-0" x="163.410156" y="15.564358"/>
</g>
<g style="fill:rgb(0%,0%,0%);fill-opacity:1;">
  <use xlink:href="#glyph5-0" x="169.75" y="25.683594"/>
</g>
<g style="fill:rgb(0%,0%,0%);fill-opacity:1;">
  <use xlink:href="#glyph3-0" x="178.328125" y="28.292969"/>
</g>
<g style="fill:rgb(0%,0%,0%);fill-opacity:1;">
  <use xlink:href="#glyph6-0" x="181.0625" y="25.683594"/>
</g>
<g style="fill:rgb(0%,0%,0%);fill-opacity:1;">
  <use xlink:href="#glyph5-1" x="187.800781" y="25.683594"/>
</g>
<g style="fill:rgb(0%,0%,0%);fill-opacity:1;">
  <use xlink:href="#glyph3-2" x="197.597656" y="28.292969"/>
</g>
<g style="fill:rgb(0%,0%,0%);fill-opacity:1;">
  <use xlink:href="#glyph8-0" x="200.824219" y="15.564358"/>
</g>
<g style="fill:rgb(0%,0%,0%);fill-opacity:1;">
  <use xlink:href="#glyph5-2" x="211.027344" y="25.683594"/>
</g>
<g style="fill:rgb(0%,0%,0%);fill-opacity:1;">
  <use xlink:href="#glyph5-3" x="219.0625" y="25.683594"/>
</g>
<g style="fill:rgb(0%,0%,0%);fill-opacity:1;">
  <use xlink:href="#glyph5-4" x="225.039062" y="25.683594"/>
</g>
<g style="fill:rgb(0%,0%,0%);fill-opacity:1;">
  <use xlink:href="#glyph9-0" x="228.296875" y="17.048974"/>
</g>
<g style="fill:rgb(0%,0%,0%);fill-opacity:1;">
  <use xlink:href="#glyph2-0" x="284.785156" y="14.244141"/>
</g>
<g style="fill:rgb(0%,0%,0%);fill-opacity:1;">
  <use xlink:href="#glyph10-0" x="237.886719" y="42.608398"/>
</g>
<g style="fill:rgb(0%,0%,0%);fill-opacity:1;">
  <use xlink:href="#glyph10-1" x="241.964844" y="42.608398"/>
</g>
<g style="fill:rgb(0%,0%,0%);fill-opacity:1;">
  <use xlink:href="#glyph10-2" x="246.445312" y="42.608398"/>
</g>
<g style="fill:rgb(0%,0%,0%);fill-opacity:1;">
  <use xlink:href="#glyph11-0" x="249.304688" y="34.019455"/>
</g>
<g style="fill:rgb(0%,0%,0%);fill-opacity:1;">
  <use xlink:href="#glyph10-3" x="254.910156" y="42.608398"/>
</g>
<g style="fill:rgb(0%,0%,0%);fill-opacity:1;">
  <use xlink:href="#glyph10-4" x="260.644531" y="45.819336"/>
</g>
<g style="fill:rgb(0%,0%,0%);fill-opacity:1;">
  <use xlink:href="#glyph12-0" x="263.535156" y="42.608398"/>
  <use xlink:href="#glyph12-1" x="269.170898" y="42.608398"/>
  <use xlink:href="#glyph12-2" x="273.170898" y="42.608398"/>
  <use xlink:href="#glyph12-1" x="277.170898" y="42.608398"/>
  <use xlink:href="#glyph12-3" x="281.170898" y="42.608398"/>
  <use xlink:href="#glyph12-4" x="285.014648" y="42.608398"/>
  <use xlink:href="#glyph12-1" x="290.791016" y="42.608398"/>
  <use xlink:href="#glyph12-5" x="294.791016" y="42.608398"/>
  <use xlink:href="#glyph12-6" x="296.791016" y="42.608398"/>
  <use xlink:href="#glyph12-7" x="300.233398" y="42.608398"/>
  <use xlink:href="#glyph12-8" x="304.233398" y="42.608398"/>
  <use xlink:href="#glyph12-9" x="307.785156" y="42.608398"/>
  <use xlink:href="#glyph12-8" x="310.449219" y="42.608398"/>
  <use xlink:href="#glyph12-6" x="314.000977" y="42.608398"/>
  <use xlink:href="#glyph12-10" x="317.552734" y="42.608398"/>
  <use xlink:href="#glyph12-11" x="319.776367" y="42.608398"/>
  <use xlink:href="#glyph12-9" x="323.328125" y="42.608398"/>
</g>
<g style="fill:rgb(0%,0%,0%);fill-opacity:1;">
  <use xlink:href="#glyph12-12" x="326.667969" y="42.608398"/>
</g>
<g style="fill:rgb(0%,0%,0%);fill-opacity:1;">
  <use xlink:href="#glyph10-5" x="330.824219" y="42.608398"/>
</g>
<g style="fill:rgb(0%,0%,0%);fill-opacity:1;">
  <use xlink:href="#glyph10-6" x="336.601562" y="42.608398"/>
</g>
<g style="fill:rgb(0%,0%,0%);fill-opacity:1;">
  <use xlink:href="#glyph10-7" x="343.539062" y="45.803711"/>
</g>
<g style="fill:rgb(0%,0%,0%);fill-opacity:1;">
  <use xlink:href="#glyph11-1" x="346.378906" y="34.019455"/>
</g>
</g>
</svg>
